[[0.         0.82781643 0.6748304  0.6661134  0.71707695 0.64209168
  0.66774699 0.73763991 0.64842448 0.69644032]
 [0.82781643 0.         0.71398485 0.68398062 0.78858819 0.7455318
  0.74033264 0.72142181 0.67364081 0.73801574]
 [0.6748304  0.71398485 0.         0.64875888 0.69548577 0.70244269
  0.64086325 0.70761206 0.61247934 0.68394688]
 [0.6661134  0.68398062 0.64875888 0.         0.70116298 0.62447666
  0.68127499 0.69735473 0.59282644 0.66229948]
 [0.71707695 0.78858819 0.69548577 0.70116298 0.         0.68403874
  0.66105792 0.66117751 0.63618746 0.57861638]
 [0.64209168 0.7455318  0.70244269 0.62447666 0.68403874 0.
  0.68371346 0.69973343 0.60618372 0.6475076 ]
 [0.66774699 0.74033264 0.64086325 0.68127499 0.66105792 0.68371346
  0.         0.71365982 0.63334904 0.65392733]
 [0.73763991 0.72142181 0.70761206 0.69735473 0.66117751 0.69973343
  0.71365982 0.         0.65586689 0.6099598 ]
 [0.64842448 0.67364081 0.61247934 0.59282644 0.63618746 0.60618372
  0.63334904 0.65586689 0.         0.60082988]
 [0.69644032 0.73801574 0.68394688 0.66229948 0.57861638 0.6475076
  0.65392733 0.6099598  0.60082988 0.        ]]