[[0.         0.99275816 0.99997518 0.99947458 0.99997518 0.99947458
  0.99997518 0.99947458 0.99997518 0.99947458]
 [0.99275816 0.         0.99982188 1.00004845 0.99982188 1.00004845
  0.99982188 1.00004845 0.99982188 1.00004845]
 [0.99997518 0.99982188 0.         1.00162044 0.99476773 1.00162044
  0.99476773 1.00162044 0.99476773 1.00162044]
 [0.99947458 1.00004845 1.00162044 0.         1.00162044 0.99557161
  1.00162044 0.99557161 1.00162044 0.99557161]
 [0.99997518 0.99982188 0.99476773 1.00162044 0.         1.00162044
  0.99476773 1.00162044 0.99476773 1.00162044]
 [0.99947458 1.00004845 1.00162044 0.99557161 1.00162044 0.
  1.00162044 0.99557161 1.00162044 0.99557161]
 [0.99997518 0.99982188 0.99476773 1.00162044 0.99476773 1.00162044
  0.         1.00162044 0.99476773 1.00162044]
 [0.99947458 1.00004845 1.00162044 0.99557161 1.00162044 0.99557161
  1.00162044 0.         1.00162044 0.99557161]
 [0.99997518 0.99982188 0.99476773 1.00162044 0.99476773 1.00162044
  0.99476773 1.00162044 0.         1.00162044]
 [0.99947458 1.00004845 1.00162044 0.99557161 1.00162044 0.99557161
  1.00162044 0.99557161 1.00162044 0.        ]]